8 0.13125 0.24921875 0.153125 0.22421875
1 0.61953125 0.203125 0.225 0.18359375
1 0.36328125 0.159375 0.06953125 0.0703125
1 0.4734375 0.171875 0.0765625 0.1046875
8 0.175 0.17265625 0.06875 0.08046875
5 0.2234375 0.146875 0.02734375 0.0671875
5 0.3921875 0.1703125 0.05546875 0.10234375
5 0.4359375 0.17578125 0.053125 0.12265625
5 0.50234375 0.18046875 0.06484375 0.12734375
5 0.32265625 0.1578125 0.0375 0.0765625
5 0.28515625 0.15078125 0.0296875 0.05546875
5 0.2375 0.1484375 0.034375 0.06328125
5 0.2046875 0.1484375 0.0328125 0.0671875
5 0.1625 0.13515625 0.02265625 0.03671875